R2 Score: 0.8779212606487259
MAE: 4.8801546815490715
RMSE: 6.168984841729755
